just 6 weeks app schedule 
date    pushup (100)                situp (200)                 sqart (200)                 desc
---------------------------------------------------------------------------------------------------------------
0102     0  20
0105     1  45 (10 12 7 7 9)         0  20                       0  30
0107     2  60 (10 12 8 8 22)        1  40 (9 9 6 6 10)          1  92 (13 16 9 9 45)       회식
0109     3  64 (11 15 9 9 20)        2  49 (9 12 9 9 10)         2  90 (16 16 13 13 32) 
0112     4  63 (14 14 10 10 15)      3  64 (12 15 11 11 15)      3 101 (15 20 13 13 40)
0114     5  71 (14 16 12 12 17)      4  66 (14 17 12 12 11)      4  94 (19 19 13 13 30)     0113회식,윗몸일으키기 4일차 실패 
0116     6  81 (16 17 14 14 20)                                                             0115급채,푸쉬업 6일차 실패-일단 2주차 테스트 수행해보자.
